"","","","",""
"","","","",""
"","","","",""
"","","","",""
"","","LII LII","",""
"","","","",""
